52 
 78 
 8 
 22 
 68 
 11 
 40 
 35 
 99 
 12 
 43 
 1 
 93 
 49 
 23 
 28 
 99 
 86 
 44 1
 92 
 62 
 54 
 54 
 9 
 50 
 3 
 67 
 21 
 19 
 66 
 46 
 55 
 42 
 80 
 18 
 3 
 90 
 31 
 12 
 96 
 1 
 66 
 21 
 33 
 57 
 25 
 98 
 85 
 12 
 21 
 1 
 65 
 23 
 18 
 7 
 61 
 64 
 5 
 27 
 48 
 71 
 40 
 30 
 52 
 31 
 38 
 55 
 14 
 78 
 45 
 71 
 78 
 51 
 25 
 13 
 60 
 25 
 23 
 71 
 55 
 1 
 75 
 5 
 99 
 29 
 63 
 84 
 86 
 67 
 18 
 80 
 59 
 37 
 80 
 39 
 97 
 54 
 92 
 60 
 43 
 98 
 57 
 8 
 73 
 76 
 45 
 40 
 6 
 74 
 21 
 72 
 71 
 47 
 34 
 25 
 81 
 44 
 4 
 58 
 39 
 100 
 42 
 38 
 60 
 12 
 86 
 53 
 5 
 64 
 82 
 100 
 46 
 21 
 12 
 11 
 44 
 29 
 46 
 26 
 51 
 74 
 67 
 89 
 65 
 9 
 55 
 61 
 75 
 84 
 54 
 23 
 2 
 10 
 49 
 32 
 62 
 74 
 32 
 5 
 17 
 68 
 56 
 74 
 100 
 91 
 61 
 100 
 88 
 22 
 12 
 46 
 83 
 66 
 72 
 13 
 64 
 80 
 63 
 53 
 17 
 69 
 4 
 42 
 80 
 86 
 3 
 72 
 2 
 66 
 88 
 49 
 4 
 99 
 50 
 9 
 60 
 100 
 60 
 64 
 52 
 78 
 79 
 61 
 58 
 95 
 80 
 51 
 29 
 92 
 28 
 29 
 15 
 83 
 10 
 24 
 60 
 95 
 44 
 72 
 2 
 88 
 50 
 23 
 72 
 92 
 31 
 74 
 65 
 48 
 10 
 2 
 34 
 53 
 35 
 40 
 97 
 67 
 12 
 6 
 3 
 16 
 27 
 80 
 25 
 38 
 25 
 95 
 75 
 37 
 87 
 61 
 16 
 100 
 21 
 35 
 10 
 52 
 33 
 69 
 89 
 52 
 23 
 26 
 4 
 100 
 59 
 48 
 46 
 48 
 7 
 87 
 75 
 32 
 48 
 83 
 28 
 42 
 68 
 69 
 97 
 62 
 86 
 31 
 66 
 90 
 9 
 75 
 21 
 50 
 18 
 49 
 24 
 54 
 26 
 5 
 42 
 23 
 77 
 92 
 43 
 76 
 50 
 64 
 9 
 45 
 47 
 62 
 3 
 83 
 67 
 97 
 53 
 44 
 7 
 41 
 26 
 66 
 11 
 53 
 87 
 27 
 16 
 12 
 92 
 19 
 7 
 22 
 81 
 37 
 7 
 70 
 27 
 57 
 48 
 56 
 57 
 55 
 32 
 77 
 78 
 77 
 67 
 12 
 24 
 19 
 72 
 64 
 83 
 92 
 14 
 56 
 41 
 86 
 21 
 12 
 10 
 83 
 47 
 25 
 61 
 34 
 7 
 20 
 54 
 81 
 93 
 99 
 18 
 37 
 78 
 60 
 81 
 44 
 67 
 20 
 50 
 36 
 11 
 65 
 94 
 60 
 91 
 25 
 10 
 20 
 70 
 10 
 99 
 94 
 17 
 46 
 62 
 84 
 71 
 36 
 12 
 34 
 74 
 6 
 37 
 19 
 71 
 86 
 4 
 37 
 80 
 72 
 86 
 58 
 73 
 85 
 45 
 58 
 65 
 51 
 92 
 44 
 31 
 33 
 90 
 48 
 37 
 2 
 7 
 88 
 48 
 86 
 58 
 50 
 58 
 44 
 53 
 31 
 45 
 28 
 63 
 86 
 5 
 32 
 45 
 94 
 14 
 71 
 21 
 27 
 8 
 54 
 56 
 51 
 16 
 71 
 71 
 26 
 8 
 72 
 41 
 88 
 66 
 44 
 14 
 31 
 53 
 73 
 31 
 26 
 98 
 62 
 87 
 80 
 47 
 93 
 67 
 16 
 30 
 38 
 7 
 85 
 65 
 26 
 49 
 41 
 17 
 46 
 98 
 62 
 25 
 12 
 55 
 68 
 17 
 56 
 70 
 20 
 68 
 97 
 99 
 51 
 20 
 36 
 42 
 40 
 73 
 66 
 51 
 67 
 77 
 29 
 82 
 37 
 7 
 48 
 85 
 53 
 98 
 3 
 71 
 29 
 33 
 79 
 22 
 3 
 81 
 39 
 1 
 45 
 51 
 61 
 69 
 31 
 88 
 5 
 42 
 12 
 27 
 75 
 26 
 55 
 79 
 37 
 46 
 71 
 66 
 70 
 69 
 23 
 78 
 30 
 42 
 48 
 71 
 51 
 18 
 62 
 2 
 25 
 95 
 17 
 89 
 24 
 96 
 85 
 18 
 30 
 42 
 57 
 98 
 40 
 32 
 73 
 24 
 85 
 7 
 87 
 7 
 43 
 4 
 16 
 15 
 46 
 92 
 13 
 35 
 23 
 15 
 52 
 39 
 54 
 40 
 74 
 22 
 26 
 57 
 82 
 6 
 35 
 58 
 4 
 9 
 2 
 84 
 69 
 43 
 35 
 25 
 78 
 2 
 76 
 27 
 64 
 15 
 29 
 68 
 42 
 98 
 68 
 28 
 74 
 70 
 89 
 21 
 75 
 42 
 80 
 31 
 65 
 52 
 80 
 34 
 63 
 45 
 20 
 15 
 90 
 46 
 21 
 37 
 38 
 70 
 11 
 22 
 22 
 20 
 1 
 5 
 81 
 51 
 44 
 42 
 60 
 97 
 28 
 84 
 56 
 82 
 65 
 15 
 12 
 68 
 40 
 75 
 48 
 33 
 99 
 77 
 76 
 19 
 33 
 25 
 24 
 7 
 39 
 60 
 47 
 4 
 3 
 25 
 20 
 31 
 18 
 20 
 21 
 18 
 65 
 7 
 73 
 34 
 25 
 5 
 19 
 14 
 65 
 39 
 93 
 65 
 5 
 81 
 25 
 36 
 36 
 79 
 37 
 42 
 4 
 42 
 98 
 40 
 39 
 76 
 21 
 89 
 22 
 67 
 41 
 71 
 32 
 17 
 10 
 37 
 36 
 76 
 83 
 70 
 77 
 84 
 100 
 78 
 32 
 64 
 2 
 39 
 5 
 90 
 63 
 66 
 23 
 36 
 39 
 96 
 40 
 28 
 22 
 94 
 32 
 3 
 69 
 9 
 67 
 58 
 82 
 83 
 83 
 13 
 83 
 87 
 49 
 21 
 19 
 67 
 3 
 62 
 86 
 25 
 27 
 42 
 40 
 95 
 26 
 38 
 76 
 88 
 63 
 18 
 25 
 61 
 89 
 91 
 56 
 52 
 16 
 78 
 39 
 24 
 77 
 80 
 20 
 75 
 36 
 38 
 64 
 65 
 99 
 70 
 50 
 50 
 61 
 87 
 66 
 22 
 32 
 15 
 94 
 64 
 12 
 83 
 72 
 30 
 84 
 8 
 52 
 5 
 64 
 81 
 80 
 17 
 22 
 80 
 74 
 64 
 36 
 19 
 6 
 95 
 10 
 89 
 73 
 90 
 92 
 66 
 3 
 14 
 22 
 79 
 32 
 100 
 83 
 42 
 78 
 70 
 26 
 34 
 82 
 21 
 3 
 88 
 2 
 66 
 91 
 58 
 84 
 15 
 31 
 29 
 56 
 61 
 98 
 62 
 52 
 37 
 32 
 17 
 13 
 44 
 58 
 48 
 56 
 24 
 76 
 23 
 54 
 24 
 41 
 40 
 92 
 15 
 29 
 33 
 71 
 46 
 51 
 10 
 27 
 36 
 26 
 10 
 76 
 76 
 11 
 79 
 30 
 67 
 44 
 74 
 86 
 87 
 63 
 72 
 10 
 92 
 54 
 42 
 82 
 80 
 47 
 12 
 30 
 30 
 66 
 38 
 32 
 33 
 86 
 7 
 10 
 60 
 77 
 24 
 73 
 11 
 39 
 10 
 29 
 23 
 50 
 4 
 56 
 59 
 69 
 59 
 35 
 63 
 3 
 71 
 69 
 95 
 7 
 55 
 31 
 10 
 69 
 6 
 21 
 12 
 16 
 50 
 46 
 29 
 44 
 70 
 78 
 19 
 