194
30
404
150
382
359
297
16
322
102
209
437
105
384
203
414
240
391
172
109
125
4
49
58
218
257
171
182
14
376
324
206
93
315
65
17
359
43
450
435
394
400
401
108
157
86
41
91
225
379
228
146
35
188
305
440
55
174
210
308
10
431
137
218
247
233
211
345
24
329
18
14
252
232
19
11
373
59
370
210
243
360
3
179
177
189
131
25
96
157
14
379
392
321
259
409
313
212
211
89
28
156
406
52
93
308
178
235
400
175
43
70
88
20
443
103
401
427
246
19
116
377
133
97
29
41
93
392
425
379
68
189
42
80
46
254
76
44
83
238
18
281
357
124
78
249
354
375
358
224
186
45
222
276
196
263
132
400
302
397
263
295
372
239
332
46
38
97
100
394
444
266
333
128
37
422
47
221
241
31
381
319
12
405
94
411
338
140
389
339
346
376
270
79
223
262
407
36
301
9
346
448
218
295
76
81
95
309
118
78
118
242
250
296
166
394
63
336
310
350
10
141
313
114
165
156
2
6
46
233
183
81
332
269
379
266
137
117
450
228
79
39
136
290
58
376
114
334
78
163
433
227
283
425
415
433
409
193
109
175
122
246
199
205
214
18
23
289
374
111
371
344
128
448
344
169
193
253
272
361
179
260
11
351
206
168
339
190
439
300
215
373
158
201
320
143
281
29
52
220
189
348
311
241
184
401
321
218
206
256
122
384
360
80
70
183
323
98
177
400
376
34
304
349
43
43
349
347
12
24
141
273
316
128
289
431
438
52
161
375
131
299
324
356
36
347
168
252
343
362
145
360
308
215
450
156
368
174
289
399
274
103
390
437
384
304
206
37
176
290
392
379
124
97
429
389
41
428
119
201
15
447
239
343
307
20
414
192
328
57
56
397
192
427
132
233
254
248
240
293
89
120
7
71
355
218
77
368
307
194
432
272
269
398
166
73
53
8
118
209
57
321
190
261
50
375
342
442
33
341
45
37
126
333
125
222
345
234
354
283
70
18
352
89
344
185
132
290
251
449
36
184
443
75
93
361
400
13
33
76
188
156
310
357
260
145
391
416
305
392
239
131
29
356
337
124
56
353
280
43
76
88
103
151
185
129
442
235
157
61
116
363
211
165
63
392
91
137
210
243
